100 1964
1 6 63
1 11 28
1 12 18
1 17 91
1 18 19
1 24 13
1 29 62
1 31 34
1 33 2
1 37 43
1 42 29
1 45 58
1 49 63
1 52 38
1 54 43
1 55 27
1 56 71
1 57 37
1 60 50
1 62 31
1 76 88
1 78 36
1 79 31
1 81 54
1 82 36
1 84 85
1 90 81
2 8 82
2 9 78
2 14 74
2 21 3
2 29 55
2 40 60
2 42 13
2 48 22
2 54 33
2 56 57
2 61 66
2 67 89
2 73 36
2 78 37
2 80 82
2 87 25
2 94 54
2 97 54
3 6 63
3 7 78
3 10 42
3 16 82
3 27 79
3 31 84
3 46 84
3 56 41
3 58 6
3 59 84
3 60 92
3 64 23
3 67 38
3 82 38
3 85 17
3 93 94
4 2 62
4 10 55
4 16 49
4 27 67
4 30 75
4 37 100
4 45 58
4 48 51
4 59 20
4 61 63
4 63 52
4 65 64
4 67 64
4 69 79
4 76 19
4 78 20
4 80 38
4 84 6
4 97 49
4 98 65
4 100 12
5 1 98
5 2 10
5 7 77
5 11 76
5 17 73
5 21 34
5 37 78
5 52 80
5 56 84
5 60 15
5 62 90
5 71 25
5 85 86
5 86 74
5 90 90
5 91 54
5 92 40
5 96 55
6 10 42
6 25 19
6 34 30
6 50 82
6 53 11
6 55 75
6 63 32
6 71 3
6 78 54
6 80 55
6 87 8
7 3 78
7 15 19
7 30 78
7 35 98
7 37 98
7 47 75
7 55 11
7 60 44
7 62 32
7 68 18
7 69 67
7 71 14
7 73 52
7 78 81
7 85 60
7 87 86
7 94 89
7 95 41
7 96 84
8 1 7
8 9 9
8 21 37
8 35 41
8 43 50
8 48 91
8 61 97
8 67 86
8 68 95
8 70 59
8 71 33
8 88 51
8 89 29
8 93 14
8 94 11
8 97 59
9 1 6
9 6 45
9 13 50
9 20 10
9 23 93
9 27 59
9 40 97
9 45 29
9 52 37
9 53 70
9 57 78
9 59 82
9 72 66
9 79 46
9 81 85
9 86 40
9 92 22
9 95 65
9 98 82
10 4 10
10 7 73
10 15 76
10 17 14
10 19 77
10 21 59
10 25 84
10 27 95
10 29 41
10 33 52
10 52 70
10 57 81
10 83 69
10 86 16
10 91 18
10 92 94
11 1 22
11 4 14
11 7 6
11 14 12
11 20 46
11 25 51
11 28 37
11 29 61
11 31 74
11 32 34
11 39 7
11 44 90
11 47 67
11 53 43
11 55 87
11 56 88
11 62 7
11 63 20
11 69 52
11 70 56
11 74 6
11 83 55
11 86 22
11 89 15
11 90 81
11 91 78
12 1 68
12 2 41
12 8 20
12 9 50
12 14 53
12 18 21
12 21 3
12 23 31
12 28 58
12 31 91
12 43 42
12 47 2
12 55 60
12 57 17
12 58 91
12 64 18
12 67 45
12 73 61
12 83 19
12 86 8
12 92 6
12 93 89
12 97 11
12 99 23
13 6 59
13 9 20
13 11 23
13 12 5
13 20 21
13 24 8
13 25 11
13 26 44
13 31 46
13 32 58
13 35 47
13 44 25
13 51 99
13 59 80
13 62 59
13 82 96
13 83 61
13 86 52
13 89 13
13 97 81
14 4 90
14 28 18
14 30 99
14 33 1
14 40 1
14 44 79
14 51 88
14 56 28
14 57 52
14 61 85
14 74 9
14 77 48
14 78 3
14 79 79
14 87 7
14 96 60
15 3 37
15 4 15
15 10 97
15 16 42
15 21 56
15 35 51
15 40 93
15 41 18
15 48 18
15 49 46
15 57 43
15 58 89
15 61 40
15 67 40
15 74 77
15 75 14
15 77 83
15 78 66
15 93 90
15 98 71
15 100 22
16 3 53
16 4 85
16 10 18
16 14 7
16 18 52
16 21 59
16 26 63
16 27 83
16 33 47
16 36 19
16 42 53
16 43 12
16 55 72
16 60 90
16 61 63
16 64 45
16 70 40
16 74 46
16 75 44
16 79 55
16 95 61
17 14 30
17 20 60
17 21 80
17 24 40
17 28 88
17 37 99
17 53 1
17 56 78
17 62 80
17 65 23
17 78 45
17 83 67
17 94 85
17 98 65
17 100 14
18 3 58
18 7 44
18 13 65
18 25 52
18 39 20
18 40 88
18 44 81
18 56 25
18 61 25
18 64 70
18 65 75
18 68 85
18 69 28
18 70 57
18 74 41
18 75 94
18 83 29
18 85 55
18 88 88
18 92 46
19 5 27
19 13 73
19 15 27
19 18 83
19 20 40
19 22 69
19 25 94
19 26 97
19 36 66
19 42 58
19 47 44
19 49 34
19 54 73
19 57 62
19 64 86
19 80 70
19 83 71
19 86 3
19 92 54
19 95 14
19 96 10
19 97 17
19 100 29
20 3 91
20 9 90
20 15 26
20 22 86
20 36 71
20 41 69
20 45 60
20 59 84
20 63 18
20 65 8
20 69 29
20 72 63
20 78 7
20 92 53
20 94 32
20 95 37
21 2 46
21 10 33
21 11 4
21 17 17
21 18 88
21 22 100
21 31 50
21 34 68
21 35 14
21 38 2
21 51 32
21 55 9
21 60 81
21 61 38
21 63 19
21 68 83
21 74 51
21 84 49
21 86 52
21 87 39
21 88 31
21 93 22
21 94 18
21 95 67
21 96 100
21 97 83
22 4 7
22 11 14
22 18 35
22 23 22
22 27 95
22 31 56
22 36 69
22 45 85
22 47 65
22 49 81
22 54 5
22 56 11
22 68 43
22 74 34
22 75 92
22 77 58
22 80 54
22 83 99
22 94 69
22 98 2
23 9 96
23 16 52
23 18 94
23 22 8
23 25 19
23 26 17
23 28 22
23 30 61
23 38 100
23 44 18
23 51 97
23 61 68
23 68 62
23 69 55
23 70 10
23 74 41
23 81 15
23 83 35
23 84 39
23 88 41
23 90 45
23 92 5
23 96 1
23 98 10
24 4 4
24 5 65
24 8 46
24 25 85
24 29 62
24 33 86
24 37 42
24 39 99
24 41 55
24 51 76
24 55 44
24 61 23
24 62 91
24 63 15
24 68 46
24 69 32
24 71 64
24 76 26
24 84 21
24 85 59
24 88 37
24 99 57
25 1 54
25 8 3
25 9 66
25 11 13
25 12 31
25 18 51
25 20 79
25 21 26
25 27 29
25 32 39
25 41 3
25 43 85
25 49 95
25 54 87
25 60 6
25 61 41
25 72 35
25 74 76
25 78 51
25 83 84
25 85 18
25 90 25
25 97 7
26 1 17
26 2 73
26 7 98
26 8 54
26 15 52
26 17 87
26 25 49
26 29 28
26 30 26
26 32 12
26 35 17
26 36 25
26 37 74
26 38 82
26 40 51
26 43 4
26 51 88
26 59 36
26 66 48
26 76 82
26 80 42
26 87 90
26 97 25
26 98 63
27 1 20
27 2 55
27 9 55
27 14 11
27 18 32
27 19 6
27 21 12
27 24 33
27 25 49
27 30 94
27 31 21
27 32 84
27 37 87
27 40 80
27 48 100
27 50 54
27 66 93
27 69 28
27 75 67
27 76 17
27 78 84
27 79 50
27 97 80
27 100 96
28 1 25
28 12 52
28 14 64
28 42 14
28 44 58
28 48 90
28 57 22
28 60 16
28 61 86
28 73 60
28 75 22
28 85 15
28 86 100
28 90 79
29 3 4
29 4 49
29 16 65
29 17 48
29 21 54
29 22 30
29 25 41
29 45 24
29 48 43
29 49 18
29 51 53
29 57 27
29 59 17
29 61 89
29 62 52
29 68 62
29 75 90
29 88 1
29 96 93
29 97 39
29 99 48
30 2 83
30 19 9
30 22 5
30 26 87
30 35 5
30 47 35
30 56 27
30 72 22
30 75 18
30 77 18
30 81 100
30 91 94
30 93 14
30 97 17
30 99 5
30 100 32
31 4 42
31 5 90
31 6 70
31 10 89
31 13 52
31 17 48
31 27 95
31 40 64
31 52 46
31 59 35
31 73 82
31 76 26
31 77 79
31 78 10
31 85 21
31 90 71
31 93 97
31 96 85
31 98 80
32 10 2
32 12 53
32 23 1
32 33 83
32 36 94
32 38 60
32 41 41
32 46 66
32 48 83
32 49 65
32 57 11
32 61 87
32 63 45
32 64 61
32 65 57
32 66 96
32 68 24
32 69 97
32 71 46
32 79 59
32 81 41
32 84 33
32 85 44
32 86 93
32 90 34
32 92 84
32 93 13
32 96 18
33 3 61
33 5 68
33 9 18
33 10 34
33 24 47
33 37 49
33 58 20
33 60 76
33 61 57
33 81 21
33 85 34
33 100 13
34 3 75
34 9 58
34 19 99
34 24 55
34 31 29
34 46 41
34 47 44
34 48 82
34 50 85
34 57 71
34 65 68
34 66 79
34 67 70
34 71 44
34 74 19
34 75 93
34 81 3
34 94 80
34 100 95
35 2 1
35 9 82
35 16 53
35 17 43
35 19 39
35 21 43
35 41 65
35 43 24
35 52 5
35 55 18
35 57 27
35 63 17
35 65 67
35 67 29
35 68 73
35 70 37
35 84 13
35 95 16
35 99 64
36 8 36
36 13 73
36 30 20
36 31 57
36 33 42
36 40 21
36 43 58
36 44 83
36 49 47
36 50 22
36 63 33
36 65 96
36 73 77
36 77 45
36 98 32
36 99 9
37 3 92
37 4 13
37 7 76
37 8 7
37 12 8
37 13 10
37 16 25
37 18 97
37 20 38
37 21 95
37 22 12
37 25 1
37 28 29
37 29 39
37 31 53
37 40 20
37 44 52
37 49 60
37 53 59
37 54 9
37 61 23
37 63 14
37 74 26
37 75 46
37 76 32
37 79 66
37 85 26
37 96 93
38 2 64
38 9 81
38 13 30
38 15 52
38 18 94
38 20 15
38 28 80
38 30 54
38 36 28
38 43 35
38 48 48
38 63 33
38 68 86
38 70 56
38 74 39
38 77 55
38 78 46
38 88 75
39 1 17
39 7 40
39 15 23
39 23 38
39 24 4
39 25 7
39 28 48
39 34 78
39 40 32
39 43 77
39 51 41
39 52 32
39 54 14
39 56 79
39 57 37
39 64 91
39 67 44
39 90 69
39 93 3
39 94 16
40 2 38
40 6 11
40 23 88
40 30 33
40 32 48
40 33 41
40 34 79
40 35 100
40 46 72
40 48 93
40 54 81
40 56 27
40 59 38
40 61 67
40 64 73
40 68 85
40 72 91
40 74 35
40 78 40
40 86 14
40 87 26
40 88 87
40 95 86
40 97 95
40 100 39
41 4 58
41 9 100
41 10 77
41 23 59
41 30 7
41 43 65
41 56 1
41 67 5
41 78 8
41 86 85
41 87 37
41 91 44
41 96 31
41 98 91
42 3 26
42 5 32
42 7 41
42 10 64
42 11 64
42 28 43
42 29 22
42 32 21
42 33 20
42 37 24
42 45 98
42 48 2
42 53 87
42 60 33
42 63 24
42 64 18
42 65 15
42 67 75
42 68 81
42 97 59
42 98 55
42 99 91
43 7 13
43 17 77
43 27 80
43 30 50
43 39 97
43 42 4
43 44 90
43 55 50
43 58 71
43 62 85
43 68 51
43 74 34
43 76 31
43 80 98
43 85 38
43 98 76
44 4 37
44 9 48
44 14 72
44 15 81
44 18 72
44 23 62
44 25 30
44 30 33
44 31 45
44 41 76
44 42 52
44 43 92
44 47 25
44 50 52
44 58 89
44 75 36
44 78 14
44 82 30
44 83 75
44 85 7
44 86 85
44 100 9
45 11 7
45 14 71
45 33 28
45 34 52
45 41 70
45 42 15
45 44 45
45 46 36
45 54 41
45 60 81
45 61 3
45 69 49
45 80 81
45 82 97
45 83 5
45 85 75
45 93 31
45 96 34
45 100 68
46 13 54
46 15 25
46 16 5
46 17 90
46 20 95
46 21 18
46 25 62
46 27 96
46 30 30
46 33 65
46 38 56
46 53 21
46 60 47
46 63 61
46 68 35
46 75 21
46 85 76
46 90 31
46 95 38
47 9 3
47 16 52
47 22 30
47 28 22
47 31 67
47 33 28
47 34 52
47 38 8
47 42 75
47 54 23
47 59 69
47 60 7
47 64 99
47 70 43
47 75 15
47 82 33
47 86 95
47 88 9
47 91 91
48 1 5
48 8 57
48 9 41
48 10 25
48 11 86
48 15 53
48 17 70
48 21 27
48 24 47
48 38 89
48 47 46
48 49 20
48 59 92
48 61 76
48 62 5
48 63 32
48 81 27
48 91 6
49 1 56
49 3 27
49 4 72
49 6 61
49 10 59
49 16 99
49 20 87
49 26 38
49 28 1
49 29 9
49 33 47
49 47 27
49 48 18
49 50 37
49 54 75
49 55 59
49 56 62
49 73 27
49 79 7
49 89 85
49 93 43
49 97 7
50 3 34
50 5 20
50 9 84
50 11 87
50 13 66
50 15 32
50 24 33
50 25 20
50 33 4
50 34 35
50 35 94
50 56 77
50 59 16
50 72 43
50 78 85
50 83 12
50 85 98
50 91 73
50 94 14
50 98 41
50 100 80
51 13 37
51 26 71
51 45 81
51 61 82
51 71 26
51 85 89
51 89 86
51 99 8
52 6 73
52 8 50
52 10 5
52 11 28
52 13 23
52 19 99
52 21 61
52 27 70
52 30 87
52 44 76
52 46 81
52 48 100
52 54 69
52 66 63
52 87 55
53 2 90
53 8 64
53 18 70
53 32 59
53 37 8
53 39 44
53 42 47
53 46 37
53 56 5
53 58 45
53 62 61
53 63 79
53 68 69
53 70 69
53 73 52
53 75 7
53 82 76
53 84 84
53 85 79
53 90 87
53 96 95
54 2 92
54 9 27
54 25 49
54 28 48
54 29 78
54 35 100
54 38 76
54 40 45
54 42 20
54 50 46
54 52 45
54 55 91
54 56 94
54 60 53
54 64 71
54 65 32
54 70 40
54 72 60
54 74 76
54 76 70
54 85 36
54 90 84
54 92 20
54 94 10
54 96 88
55 1 46
55 9 75
55 10 12
55 11 78
55 12 60
55 16 62
55 18 93
55 23 98
55 32 2
55 35 58
55 39 95
55 40 41
55 50 1
55 54 28
55 60 3
55 67 98
55 74 14
55 76 92
55 83 68
55 87 73
55 92 22
56 1 24
56 2 3
56 14 58
56 22 55
56 27 77
56 32 1
56 38 36
56 52 93
56 54 51
56 63 12
56 64 71
56 68 24
56 83 64
56 89 32
56 94 80
56 95 14
56 98 23
57 1 79
57 3 91
57 7 70
57 12 82
57 15 88
57 18 42
57 24 98
57 26 79
57 29 69
57 38 39
57 45 4
57 58 79
57 62 78
57 65 87
57 66 94
57 82 70
57 86 2
57 94 20
57 99 90
58 1 61
58 7 39
58 8 33
58 12 38
58 24 57
58 28 57
58 34 97
58 40 55
58 42 13
58 46 60
58 49 84
58 50 61
58 54 29
58 57 31
58 60 30
58 69 50
58 82 17
58 86 38
58 92 63
58 96 14
59 1 23
59 7 98
59 17 17
59 19 1
59 20 93
59 22 80
59 26 63
59 28 77
59 30 31
59 38 62
59 49 29
59 66 67
59 69 7
59 71 23
59 74 33
59 90 57
59 94 95
59 96 13
60 2 32
60 3 44
60 5 43
60 8 2
60 19 29
60 21 6
60 22 86
60 24 63
60 29 27
60 31 50
60 35 94
60 44 69
60 49 96
60 56 5
60 63 43
60 69 80
60 71 45
60 77 73
60 82 14
60 100 18
61 3 100
61 5 94
61 7 42
61 8 28
61 30 17
61 33 6
61 36 19
61 37 50
61 39 78
61 43 42
61 44 29
61 53 65
61 59 1
61 62 15
61 71 53
61 74 12
61 78 42
61 99 76
61 100 59
62 1 89
62 2 23
62 10 7
62 12 67
62 22 89
62 25 41
62 26 91
62 30 93
62 38 29
62 40 38
62 45 54
62 55 56
62 57 44
62 69 15
62 80 94
62 81 66
62 82 2
62 86 57
62 89 78
62 91 77
62 97 19
63 1 5
63 11 72
63 17 70
63 25 32
63 27 87
63 38 56
63 42 36
63 44 20
63 51 47
63 52 60
63 58 50
63 60 77
63 62 33
63 64 76
63 69 98
63 70 96
63 71 52
63 74 11
63 80 27
63 81 37
63 84 87
63 85 40
63 91 94
63 98 90
64 18 51
64 20 14
64 45 60
64 49 70
64 57 76
64 59 22
64 79 32
64 83 47
64 91 40
64 95 38
65 10 62
65 15 40
65 16 61
65 19 40
65 28 60
65 30 23
65 33 88
65 55 86
65 59 3
65 62 15
65 66 71
65 97 67
65 99 62
66 7 24
66 18 89
66 20 6
66 22 84
66 30 41
66 38 12
66 41 46
66 45 89
66 46 75
66 52 98
66 54 92
66 55 20
66 57 66
66 58 88
66 61 22
66 73 54
66 74 91
66 79 61
66 80 5
66 85 98
66 87 68
66 97 25
67 3 78
67 11 96
67 12 45
67 17 12
67 18 29
67 19 60
67 22 48
67 28 86
67 34 17
67 37 1
67 38 32
67 39 75
67 44 14
67 77 88
67 85 27
67 90 17
67 93 79
67 96 6
68 1 49
68 6 70
68 23 86
68 34 51
68 35 25
68 48 67
68 52 51
68 59 77
68 67 82
68 69 75
68 71 70
68 84 45
68 88 77
69 14 5
69 18 14
69 28 39
69 29 93
69 36 61
69 42 35
69 50 47
69 52 91
69 54 29
69 55 31
69 58 22
69 60 96
69 67 49
69 75 90
69 82 63
69 83 11
69 90 3
69 92 1
69 97 32
70 3 45
70 4 73
70 8 99
70 9 1
70 10 50
70 35 48
70 37 32
70 40 25
70 47 45
70 49 40
70 53 84
70 55 45
70 56 29
70 59 47
70 60 66
70 62 10
70 64 47
70 66 54
70 71 34
70 74 84
70 77 62
70 79 82
70 88 77
71 1 19
71 3 37
71 7 8
71 19 67
71 20 59
71 26 94
71 28 87
71 29 98
71 36 51
71 37 52
71 39 41
71 44 22
71 47 95
71 50 82
71 51 52
71 54 67
71 55 57
71 56 14
71 62 85
71 68 62
71 77 67
71 79 83
71 80 57
71 83 53
71 87 35
71 89 13
71 91 36
71 97 61
71 99 68
72 3 36
72 12 23
72 13 52
72 16 12
72 27 16
72 35 22
72 40 53
72 44 53
72 52 99
72 61 31
72 62 43
72 66 99
72 67 36
72 73 43
72 75 94
72 79 83
72 81 1
72 83 44
72 89 1
72 95 43
72 96 51
72 99 80
73 7 21
73 18 5
73 27 68
73 38 53
73 41 85
73 44 41
73 46 77
73 47 54
73 53 85
73 55 30
73 56 96
73 58 97
73 68 88
73 69 91
73 70 49
73 82 9
73 90 58
73 91 76
73 96 17
73 99 59
74 1 27
74 10 91
74 12 6
74 13 77
74 19 45
74 26 49
74 29 37
74 32 13
74 34 27
74 36 53
74 53 1
74 57 83
74 68 31
74 70 79
74 71 12
74 73 66
74 76 92
74 79 49
74 82 1
74 87 95
74 95 5
74 97 31
74 98 29
75 5 50
75 7 44
75 13 44
75 26 80
75 28 29
75 29 10
75 32 23
75 39 82
75 52 92
75 57 100
75 61 85
75 65 52
75 83 94
75 84 95
75 89 35
75 90 16
75 95 62
75 98 57
75 99 46
76 1 65
76 17 27
76 18 71
76 19 64
76 21 61
76 26 10
76 27 31
76 30 85
76 35 59
76 41 92
76 46 100
76 49 47
76 54 78
76 56 35
76 57 28
76 63 48
76 67 38
76 69 38
76 77 64
76 80 20
76 84 32
76 91 93
76 96 19
76 98 46
76 100 26
77 3 33
77 18 94
77 21 5
77 25 97
77 29 4
77 31 42
77 37 10
77 38 26
77 51 49
77 54 3
77 56 10
77 58 87
77 59 71
77 60 31
77 73 56
77 74 57
77 75 31
77 86 34
77 97 2
77 100 7
78 2 87
78 6 72
78 9 12
78 13 9
78 26 68
78 27 79
78 28 54
78 33 92
78 47 76
78 50 70
78 54 89
78 57 1
78 60 62
78 66 74
78 67 97
78 70 61
78 71 63
78 76 47
78 77 56
78 79 38
78 83 78
78 89 84
78 94 68
78 97 32
78 99 43
78 100 80
79 6 94
79 9 12
79 15 96
79 16 42
79 19 53
79 32 4
79 33 99
79 37 84
79 41 76
79 46 98
79 52 88
79 63 33
79 68 49
79 70 48
79 75 49
79 77 24
79 78 15
79 85 1
79 91 10
79 92 23
80 1 50
80 12 29
80 13 4
80 30 71
80 37 10
80 54 3
80 59 80
80 60 98
80 65 7
80 77 44
80 79 2
80 84 62
80 94 99
80 96 70
81 13 32
81 17 72
81 18 32
81 22 39
81 25 44
81 26 53
81 37 89
81 41 81
81 50 10
81 51 18
81 52 16
81 54 32
81 55 8
81 57 44
81 61 23
81 65 61
81 68 98
81 75 42
81 78 19
81 88 12
81 90 44
82 6 83
82 8 54
82 12 61
82 24 17
82 25 53
82 29 12
82 36 65
82 37 6
82 42 64
82 43 3
82 51 84
82 56 68
82 61 49
82 70 31
82 77 28
82 78 24
82 88 69
82 93 8
82 98 75
82 100 45
83 9 42
83 14 15
83 15 18
83 28 33
83 29 100
83 34 53
83 40 59
83 42 86
83 59 6
83 61 18
83 64 93
83 69 36
83 72 33
83 86 100
83 87 85
84 1 88
84 8 6
84 12 90
84 17 53
84 24 68
84 27 9
84 28 42
84 30 10
84 34 74
84 35 57
84 36 74
84 39 14
84 40 71
84 42 83
84 46 53
84 53 27
84 54 75
84 56 14
84 65 29
84 80 85
84 85 8
84 94 95
84 95 13
84 96 100
84 99 47
85 3 23
85 6 17
85 9 8
85 17 14
85 20 39
85 22 16
85 38 53
85 43 55
85 44 9
85 46 72
85 47 6
85 53 75
85 54 98
85 58 91
85 61 69
85 74 13
85 81 17
85 87 71
85 100 72
86 2 80
86 6 44
86 9 13
86 21 39
86 22 8
86 23 40
86 24 20
86 31 36
86 33 58
86 35 36
86 53 75
86 55 44
86 59 58
86 64 40
86 73 38
86 79 53
86 81 87
86 93 30
86 96 90
86 98 13
86 100 3
87 8 75
87 10 98
87 31 95
87 35 75
87 45 45
87 47 74
87 48 5
87 52 1
87 53 64
87 55 4
87 61 71
87 65 94
87 79 11
87 81 20
87 84 5
87 94 79
88 2 54
88 3 18
88 4 81
88 10 69
88 13 4
88 25 7
88 26 70
88 27 13
88 28 17
88 29 42
88 32 23
88 43 53
88 53 99
88 60 83
88 61 31
88 71 18
88 72 95
88 78 11
88 83 54
88 95 7
88 99 10
88 100 17
89 17 3
89 19 76
89 32 97
89 40 1
89 46 15
89 47 39
89 70 54
89 74 10
89 77 7
90 5 80
90 14 70
90 15 12
90 22 83
90 25 84
90 27 10
90 32 66
90 38 100
90 43 18
90 44 35
90 45 57
90 55 66
90 64 87
90 67 25
90 73 70
90 76 62
90 93 92
90 100 100
91 1 89
91 2 90
91 5 63
91 8 32
91 11 60
91 15 94
91 16 72
91 22 9
91 23 41
91 25 60
91 26 79
91 27 37
91 35 49
91 36 75
91 38 43
91 47 94
91 63 32
91 75 42
91 77 45
91 81 91
91 88 29
91 94 45
91 96 100
92 10 91
92 11 65
92 19 39
92 24 46
92 27 97
92 31 98
92 35 3
92 39 59
92 48 68
92 55 47
92 60 63
92 61 38
92 62 51
92 74 63
92 86 2
92 93 38
92 95 29
92 96 9
93 6 94
93 8 98
93 11 89
93 12 33
93 19 12
93 20 83
93 33 13
93 41 22
93 49 50
93 61 42
93 62 31
93 72 61
93 73 85
93 76 81
93 77 94
93 78 88
93 84 79
93 91 56
94 3 43
94 4 54
94 6 37
94 7 85
94 9 93
94 11 18
94 17 64
94 20 16
94 32 28
94 34 66
94 35 70
94 42 31
94 44 2
94 47 64
94 53 16
94 54 6
94 69 11
94 73 62
94 78 28
94 80 82
94 83 87
94 96 29
95 3 59
95 7 82
95 14 60
95 17 56
95 20 91
95 22 43
95 24 43
95 28 53
95 33 52
95 45 60
95 55 3
95 67 81
95 69 99
95 74 48
95 79 83
95 82 48
95 83 50
95 89 2
95 90 18
95 94 36
95 96 18
95 98 95
95 100 8
96 7 22
96 8 69
96 14 62
96 18 29
96 21 4
96 25 68
96 29 75
96 32 62
96 35 71
96 38 3
96 41 45
96 44 74
96 46 10
96 47 42
96 49 92
96 53 48
96 55 27
96 65 94
96 68 46
96 69 23
96 78 12
96 81 23
96 86 68
96 91 100
97 2 78
97 4 23
97 8 76
97 9 23
97 10 41
97 11 38
97 29 83
97 31 32
97 39 83
97 40 11
97 43 9
97 44 28
97 47 47
97 50 94
97 52 43
97 53 55
97 54 50
97 62 85
97 71 6
97 78 19
97 89 40
97 99 39
98 7 85
98 18 64
98 21 60
98 37 49
98 39 71
98 41 94
98 42 64
98 44 94
98 45 97
98 51 41
98 61 30
98 62 24
98 74 73
98 75 55
98 80 41
98 83 53
98 87 61
98 90 3
98 92 79
98 93 92
99 17 67
99 28 90
99 35 8
99 36 81
99 41 74
99 47 35
99 48 95
99 52 10
99 54 67
99 58 67
99 65 39
99 75 51
99 83 61
99 84 83
99 86 89
99 96 70
99 97 65
99 100 25
100 6 1
100 11 76
100 13 79
100 16 99
100 23 98
100 31 49
100 49 16
100 54 30
100 58 6
100 62 8
100 75 49
100 82 49
100 87 18
