150 4451
1 9 12
1 10 55
1 16 78
1 18 26
1 19 54
1 22 36
1 37 34
1 40 16
1 43 38
1 45 25
1 63 82
1 65 94
1 71 29
1 81 92
1 84 51
1 90 69
1 92 55
1 93 52
1 97 64
1 104 9
1 107 60
1 108 33
1 109 2
1 111 97
1 121 98
1 123 14
1 125 78
1 130 100
1 131 1
1 132 42
1 133 3
1 140 11
1 144 99
1 148 22
1 150 78
2 4 97
2 10 58
2 17 71
2 19 29
2 28 31
2 32 17
2 33 74
2 55 58
2 64 13
2 66 2
2 84 85
2 91 95
2 92 8
2 96 62
2 97 68
2 100 11
2 103 9
2 107 32
2 108 77
2 112 73
2 113 41
2 127 13
2 129 28
2 130 34
2 139 91
2 141 2
2 142 39
2 148 20
3 1 27
3 6 63
3 19 91
3 21 2
3 25 5
3 27 71
3 40 53
3 72 52
3 73 43
3 78 34
3 81 56
3 85 66
3 88 25
3 93 69
3 102 40
3 107 17
3 112 39
3 114 1
3 119 78
3 125 61
3 129 85
3 144 25
3 146 52
4 5 60
4 7 32
4 12 72
4 13 41
4 15 55
4 16 58
4 23 63
4 33 11
4 44 60
4 50 90
4 52 49
4 59 96
4 60 78
4 62 29
4 73 4
4 75 73
4 97 7
4 111 28
4 116 78
4 121 4
4 123 87
4 128 89
4 132 16
4 133 6
4 135 55
4 138 83
4 142 14
4 149 84
5 1 100
5 6 35
5 14 79
5 18 42
5 26 90
5 28 2
5 29 25
5 33 72
5 36 58
5 44 48
5 46 68
5 49 43
5 60 98
5 66 98
5 67 77
5 77 17
5 81 38
5 83 14
5 85 37
5 97 10
5 98 81
5 102 39
5 106 98
5 108 77
5 110 49
5 114 55
5 116 80
5 118 95
5 127 10
5 132 61
5 142 85
5 146 29
6 4 96
6 5 37
6 13 70
6 14 57
6 16 6
6 19 33
6 23 76
6 26 6
6 29 84
6 33 56
6 34 12
6 44 37
6 46 5
6 54 1
6 55 60
6 59 47
6 60 81
6 65 17
6 71 31
6 74 2
6 75 53
6 82 92
6 84 91
6 91 19
6 94 66
6 100 35
6 104 75
6 105 20
6 107 62
6 110 98
6 111 49
6 116 50
6 125 5
6 127 76
6 132 59
6 144 49
6 147 5
7 20 53
7 21 88
7 26 49
7 28 75
7 38 21
7 42 39
7 53 46
7 54 38
7 60 88
7 62 96
7 63 37
7 65 46
7 75 47
7 84 47
7 85 65
7 98 47
7 103 16
7 107 49
7 113 42
7 114 29
7 124 15
7 127 18
7 131 54
7 132 96
7 136 79
7 148 83
8 9 3
8 14 27
8 16 27
8 17 28
8 21 1
8 25 33
8 33 42
8 40 15
8 45 76
8 48 29
8 50 39
8 58 92
8 63 19
8 67 71
8 70 68
8 73 78
8 77 93
8 103 8
8 104 72
8 105 43
8 112 40
8 115 65
8 122 48
8 125 29
8 127 99
8 128 4
8 129 85
8 140 85
8 146 28
9 5 77
9 17 57
9 21 15
9 26 63
9 27 86
9 32 8
9 43 96
9 48 91
9 50 72
9 60 55
9 61 52
9 76 52
9 77 11
9 85 82
9 87 66
9 98 20
9 101 60
9 102 98
9 103 58
9 104 83
9 114 8
9 116 10
9 126 65
9 129 71
9 132 84
9 135 61
9 136 20
9 142 83
9 148 67
9 149 21
10 6 7
10 12 87
10 16 20
10 19 85
10 25 91
10 28 49
10 31 12
10 33 47
10 48 99
10 49 95
10 50 5
10 53 49
10 67 31
10 72 57
10 76 68
10 80 18
10 85 14
10 86 16
10 92 19
10 102 48
10 126 94
10 127 68
10 140 77
10 141 3
10 142 74
10 150 54
11 3 47
11 5 70
11 6 65
11 7 3
11 21 95
11 26 44
11 42 51
11 43 61
11 60 89
11 61 48
11 62 35
11 67 24
11 68 38
11 76 92
11 90 96
11 94 87
11 103 5
11 104 20
11 110 18
11 111 47
11 119 67
11 121 16
11 127 26
11 138 70
11 144 29
11 149 4
12 1 74
12 4 17
12 10 53
12 13 10
12 19 45
12 21 82
12 22 24
12 25 8
12 27 20
12 34 37
12 38 36
12 41 12
12 42 83
12 44 75
12 47 44
12 48 6
12 52 34
12 54 54
12 56 81
12 57 38
12 73 19
12 80 72
12 98 93
12 102 66
12 104 40
12 105 3
12 108 59
12 111 46
12 115 77
12 118 2
12 129 72
12 132 37
12 135 58
12 136 36
12 143 47
12 146 66
12 148 6
13 4 59
13 6 66
13 14 44
13 15 66
13 16 63
13 17 39
13 24 40
13 26 61
13 28 74
13 31 62
13 33 81
13 38 90
13 49 100
13 53 27
13 54 42
13 56 49
13 60 44
13 61 46
13 63 62
13 67 39
13 72 41
13 75 93
13 79 87
13 80 49
13 94 35
13 95 90
13 99 31
13 102 29
13 112 21
13 122 30
13 123 95
13 130 24
13 135 78
13 140 68
13 141 18
13 142 60
14 4 87
14 9 42
14 27 93
14 28 2
14 38 91
14 49 48
14 51 61
14 52 86
14 55 11
14 56 58
14 57 91
14 60 15
14 62 65
14 64 69
14 68 57
14 71 63
14 73 58
14 77 54
14 79 8
14 80 60
14 87 10
14 92 8
14 107 18
14 111 51
14 112 17
14 118 55
14 119 49
14 135 5
14 137 87
14 144 28
14 147 38
14 149 41
14 150 77
15 5 29
15 10 76
15 13 64
15 18 41
15 25 61
15 32 53
15 34 68
15 45 93
15 50 78
15 54 93
15 55 28
15 66 91
15 70 42
15 74 84
15 79 64
15 89 29
15 93 75
15 94 93
15 102 32
15 103 71
15 106 93
15 107 59
15 112 63
15 114 83
15 116 5
15 127 59
15 134 71
15 138 93
15 140 37
15 142 90
15 147 20
15 150 33
16 8 32
16 18 61
16 23 56
16 25 13
16 26 6
16 29 61
16 34 73
16 40 19
16 45 31
16 46 50
16 47 43
16 51 96
16 59 99
16 60 51
16 65 30
16 67 49
16 70 85
16 97 72
16 98 53
16 103 12
16 104 77
16 112 32
16 113 67
16 121 19
16 133 77
16 147 18
16 150 89
17 8 74
17 16 26
17 18 70
17 20 4
17 27 18
17 36 62
17 37 52
17 38 65
17 40 5
17 42 77
17 49 83
17 58 96
17 59 72
17 60 89
17 61 29
17 66 89
17 67 20
17 82 62
17 98 23
17 99 21
17 101 55
17 112 55
17 119 14
17 120 24
17 127 68
17 129 50
17 131 15
17 137 11
17 147 50
17 149 18
17 150 50
18 4 89
18 6 22
18 7 37
18 20 65
18 21 53
18 22 54
18 24 22
18 26 4
18 32 37
18 35 96
18 36 71
18 37 15
18 38 15
18 40 47
18 41 97
18 44 28
18 58 89
18 60 81
18 67 45
18 68 36
18 69 69
18 74 35
18 75 87
18 88 19
18 89 81
18 97 96
18 103 1
18 108 51
18 112 35
18 116 74
18 118 63
19 4 29
19 5 88
19 29 73
19 31 84
19 44 94
19 54 77
19 55 93
19 56 37
19 60 78
19 61 25
19 66 50
19 69 82
19 70 10
19 71 2
19 76 54
19 78 88
19 83 9
19 90 37
19 91 99
19 96 69
19 102 27
19 104 42
19 106 82
19 117 8
19 125 45
19 126 67
19 137 9
19 139 81
19 141 59
19 142 47
19 144 73
19 150 87
20 3 1
20 14 92
20 24 48
20 26 87
20 30 6
20 38 59
20 43 39
20 47 64
20 49 98
20 56 45
20 64 31
20 66 8
20 72 53
20 76 13
20 77 18
20 80 73
20 97 14
20 106 46
20 116 6
20 124 7
20 131 96
20 132 32
20 146 76
21 11 56
21 13 4
21 28 53
21 29 62
21 37 32
21 38 3
21 42 63
21 44 65
21 51 29
21 56 46
21 57 30
21 63 95
21 66 50
21 71 41
21 73 4
21 75 73
21 77 25
21 78 70
21 81 5
21 85 29
21 87 62
21 98 91
21 101 47
21 105 13
21 115 89
21 118 23
21 125 51
21 126 5
21 128 41
21 130 14
21 131 19
22 6 49
22 8 49
22 11 84
22 29 12
22 31 79
22 36 56
22 44 93
22 45 34
22 52 71
22 53 20
22 60 62
22 73 85
22 76 50
22 90 8
22 95 53
22 96 30
22 97 8
22 99 54
22 100 88
22 102 31
22 108 74
22 109 74
22 124 34
22 129 51
22 130 42
22 132 59
22 134 67
22 140 76
22 141 98
22 144 100
22 147 45
23 2 78
23 9 88
23 25 90
23 34 83
23 41 48
23 43 21
23 46 52
23 48 73
23 63 51
23 68 77
23 72 71
23 83 100
23 90 3
23 95 2
23 98 40
23 108 80
23 110 14
23 112 85
23 114 83
23 115 78
23 129 98
23 132 52
23 136 38
23 142 91
23 143 25
23 146 82
23 149 39
24 1 24
24 7 98
24 19 38
24 25 75
24 29 16
24 31 39
24 39 59
24 54 98
24 56 98
24 67 26
24 71 25
24 81 76
24 89 77
24 90 44
24 94 46
24 104 65
24 111 80
24 113 7
24 122 33
24 130 35
24 131 90
24 135 93
24 140 26
24 141 26
24 143 26
24 149 64
25 8 86
25 9 20
25 11 10
25 57 62
25 58 87
25 75 99
25 76 93
25 77 29
25 79 67
25 87 79
25 91 61
25 92 22
25 94 42
25 99 29
25 100 83
25 107 58
25 109 58
25 112 96
25 118 71
25 121 80
25 123 72
25 132 99
25 133 61
25 143 67
25 148 18
26 13 16
26 16 65
26 18 1
26 19 95
26 21 56
26 22 62
26 23 100
26 25 23
26 30 78
26 32 50
26 34 89
26 44 90
26 45 39
26 46 41
26 47 81
26 55 70
26 59 62
26 60 74
26 62 37
26 65 14
26 80 5
26 84 29
26 85 50
26 87 90
26 94 7
26 101 70
26 102 26
26 110 16
26 115 34
26 118 33
26 126 7
26 128 74
26 129 46
26 132 29
26 134 9
26 135 21
26 137 69
26 148 61
26 149 97
27 12 93
27 15 99
27 17 66
27 24 11
27 28 69
27 36 90
27 49 10
27 50 30
27 61 1
27 63 6
27 66 14
27 69 12
27 77 29
27 80 38
27 85 72
27 90 77
27 92 71
27 99 19
27 107 7
27 108 60
27 109 10
27 115 63
27 129 20
27 130 73
27 150 14
28 2 11
28 5 26
28 10 81
28 12 75
28 14 28
28 16 34
28 17 70
28 23 94
28 27 66
28 32 2
28 35 18
28 39 73
28 53 47
28 61 82
28 64 70
28 65 23
28 69 84
28 71 33
28 74 52
28 79 1
28 80 18
28 85 83
28 92 92
28 102 21
28 108 76
28 111 6
28 112 19
28 117 52
28 118 73
28 124 61
28 129 19
28 130 99
28 132 34
28 136 76
28 145 65
28 148 13
29 1 5
29 2 65
29 7 70
29 10 54
29 13 55
29 18 95
29 19 13
29 27 70
29 34 67
29 36 1
29 45 33
29 47 55
29 48 47
29 53 72
29 57 72
29 61 45
29 70 52
29 72 79
29 80 56
29 87 5
29 90 37
29 91 8
29 93 57
29 96 37
29 99 66
29 100 90
29 114 26
29 115 2
29 118 37
29 119 75
29 124 25
29 127 1
29 131 14
29 132 10
29 133 38
29 136 33
29 137 74
29 141 62
29 146 4
30 7 69
30 16 23
30 21 35
30 24 95
30 39 79
30 41 6
30 45 74
30 47 24
30 48 36
30 51 17
30 53 55
30 55 5
30 56 45
30 61 59
30 67 13
30 72 34
30 79 55
30 88 17
30 89 88
30 94 56
30 103 18
30 104 69
30 109 73
30 124 72
30 131 26
30 132 74
30 133 23
30 137 63
30 147 52
31 7 83
31 12 67
31 29 7
31 33 98
31 47 22
31 54 35
31 55 57
31 57 23
31 58 77
31 60 56
31 61 82
31 62 40
31 65 30
31 76 98
31 81 2
31 82 97
31 88 30
31 90 48
31 93 56
31 104 98
31 107 35
31 118 25
31 123 3
31 135 28
31 139 48
31 149 61
32 14 86
32 22 67
32 39 16
32 44 89
32 46 20
32 51 12
32 57 14
32 62 83
32 74 38
32 75 90
32 76 25
32 77 24
32 78 45
32 82 71
32 85 20
32 89 47
32 92 49
32 99 50
32 101 88
32 102 99
32 103 20
32 110 85
32 122 83
32 124 68
32 125 33
32 129 92
32 133 11
32 137 96
32 142 6
32 147 13
32 150 50
33 3 85
33 5 81
33 7 96
33 8 54
33 10 46
33 16 52
33 17 44
33 19 77
33 23 42
33 28 31
33 29 70
33 32 96
33 42 3
33 43 18
33 52 66
33 53 74
33 54 20
33 63 32
33 68 52
33 69 28
33 74 89
33 75 13
33 76 83
33 79 49
33 88 2
33 92 6
33 94 73
33 97 90
33 103 74
33 104 12
33 114 96
33 116 52
33 120 56
33 124 26
33 127 26
33 128 79
33 129 32
33 135 12
33 144 84
34 22 28
34 24 67
34 26 62
34 30 85
34 31 6
34 52 91
34 56 69
34 60 59
34 61 92
34 65 40
34 67 51
34 75 36
34 80 36
34 88 87
34 92 20
34 95 43
34 97 17
34 100 70
34 104 18
34 107 21
34 110 69
34 129 73
34 131 30
34 138 78
34 143 61
35 9 89
35 16 95
35 20 77
35 21 68
35 23 14
35 28 69
35 31 50
35 32 98
35 46 19
35 50 15
35 52 90
35 53 18
35 61 92
35 74 91
35 76 79
35 79 49
35 83 85
35 102 64
35 103 1
35 104 64
35 107 85
35 113 77
35 116 36
35 117 27
35 126 78
35 136 74
35 137 23
35 139 47
35 148 9
36 5 53
36 6 27
36 10 94
36 11 12
36 13 91
36 16 41
36 18 74
36 21 64
36 22 94
36 23 64
36 25 30
36 40 82
36 49 71
36 56 79
36 69 43
36 73 39
36 74 93
36 76 69
36 79 88
36 88 22
36 89 78
36 92 15
36 99 31
36 104 39
36 112 4
36 114 20
36 118 40
36 122 87
36 128 15
36 132 12
36 137 99
36 140 98
36 148 41
37 7 66
37 10 45
37 11 41
37 15 32
37 20 57
37 33 76
37 40 11
37 42 17
37 71 74
37 73 14
37 77 84
37 80 60
37 82 53
37 85 21
37 91 56
37 93 44
37 94 89
37 98 63
37 100 77
37 103 13
37 109 14
37 110 99
37 113 83
37 118 97
37 123 38
37 125 58
37 130 87
37 135 2
37 136 52
37 141 7
37 143 46
37 149 51
38 5 28
38 10 50
38 28 55
38 31 55
38 32 58
38 39 1
38 40 64
38 42 35
38 44 74
38 48 62
38 51 62
38 54 97
38 57 11
38 58 79
38 63 75
38 67 100
38 71 61
38 72 94
38 80 96
38 82 34
38 85 22
38 86 7
38 93 10
38 102 23
38 103 95
38 112 5
38 116 20
38 117 97
38 124 94
38 136 30
38 142 56
38 148 88
39 1 82
39 10 51
39 13 99
39 15 44
39 18 2
39 24 14
39 35 85
39 37 82
39 42 17
39 44 24
39 69 26
39 70 51
39 72 14
39 74 99
39 84 94
39 88 20
39 96 1
39 97 91
39 98 62
39 102 29
39 107 69
39 115 44
39 121 6
39 136 31
39 137 50
39 139 83
39 141 69
40 2 59
40 3 20
40 4 30
40 8 84
40 21 9
40 24 77
40 33 70
40 38 23
40 48 22
40 51 6
40 63 37
40 70 58
40 75 24
40 76 79
40 82 31
40 85 13
40 87 65
40 97 23
40 111 23
40 115 15
40 119 75
40 136 63
40 141 59
41 4 8
41 15 21
41 17 71
41 21 63
41 23 61
41 32 29
41 33 20
41 34 1
41 39 5
41 42 51
41 46 31
41 48 97
41 62 96
41 63 4
41 75 5
41 79 74
41 84 87
41 95 91
41 97 91
41 102 15
41 104 90
41 110 88
41 119 68
41 122 87
41 123 38
41 140 20
41 142 81
41 146 17
42 7 83
42 10 44
42 13 86
42 14 71
42 18 17
42 33 37
42 43 17
42 49 91
42 56 21
42 57 39
42 61 99
42 67 65
42 72 86
42 74 94
42 81 15
42 91 83
42 93 68
42 99 58
42 101 51
42 103 41
42 104 78
42 105 8
42 119 12
42 129 77
42 135 43
42 137 97
42 145 60
42 146 97
43 2 63
43 5 39
43 6 72
43 19 89
43 24 9
43 25 96
43 27 62
43 28 56
43 33 94
43 34 3
43 37 8
43 53 82
43 55 25
43 58 97
43 60 42
43 66 75
43 71 37
43 80 29
43 82 79
43 83 69
43 84 90
43 98 67
43 123 76
43 134 27
43 135 26
43 142 45
43 145 100
43 147 73
43 150 98
44 2 28
44 6 1
44 9 91
44 12 24
44 20 30
44 27 18
44 28 98
44 31 93
44 35 15
44 39 95
44 43 53
44 53 87
44 57 85
44 63 14
44 70 52
44 74 36
44 75 76
44 80 52
44 82 36
44 88 64
44 95 87
44 99 87
44 105 99
44 106 60
44 109 63
44 110 34
44 111 44
44 112 70
44 126 85
44 129 56
44 135 87
44 136 85
44 137 88
44 138 74
44 141 21
44 142 8
44 145 76
45 2 6
45 6 4
45 20 11
45 27 42
45 31 66
45 36 3
45 39 50
45 41 13
45 42 13
45 46 65
45 53 82
45 55 28
45 60 52
45 63 13
45 64 44
45 67 68
45 74 39
45 76 41
45 81 59
45 82 24
45 84 24
45 85 64
45 89 79
45 91 94
45 93 26
45 110 31
45 121 56
45 131 23
45 138 39
45 147 95
45 148 16
45 149 86
45 150 100
46 1 33
46 2 12
46 4 16
46 7 95
46 20 8
46 21 69
46 25 55
46 35 5
46 39 50
46 43 31
46 62 61
46 69 9
46 72 94
46 73 95
46 86 11
46 90 92
46 92 88
46 100 42
46 109 29
46 112 83
46 122 34
46 127 16
46 129 56
46 131 16
46 137 49
46 141 28
47 5 88
47 16 33
47 19 8
47 25 86
47 26 91
47 30 80
47 36 6
47 37 23
47 40 64
47 46 56
47 54 36
47 60 41
47 64 98
47 66 85
47 81 6
47 84 63
47 86 15
47 95 35
47 96 85
47 97 28
47 98 1
47 99 99
47 100 24
47 104 87
47 112 14
47 121 85
47 127 17
47 134 78
48 2 56
48 4 17
48 8 26
48 9 58
48 13 77
48 23 44
48 27 68
48 28 11
48 39 55
48 41 7
48 42 10
48 44 14
48 45 55
48 50 33
48 53 11
48 54 3
48 65 93
48 74 34
48 77 3
48 86 93
48 106 25
48 122 32
48 125 51
48 132 95
48 133 77
48 134 38
48 139 76
48 143 3
48 145 41
48 146 9
49 1 80
49 13 29
49 14 88
49 16 92
49 33 63
49 36 39
49 39 7
49 46 5
49 54 29
49 60 35
49 62 78
49 69 14
49 70 6
49 71 14
49 79 64
49 94 22
49 102 54
49 109 88
49 115 9
49 126 8
49 127 38
49 130 39
49 135 79
49 140 80
49 148 43
50 1 70
50 5 71
50 7 44
50 11 76
50 16 15
50 20 46
50 26 95
50 31 73
50 32 77
50 37 87
50 40 95
50 44 75
50 63 52
50 64 72
50 65 100
50 68 64
50 71 94
50 75 17
50 79 68
50 86 48
50 88 53
50 92 38
50 94 20
50 105 54
50 111 1
50 113 45
50 118 40
50 119 58
50 123 17
50 125 82
50 137 6
50 143 81
50 145 83
50 147 11
50 149 74
51 1 67
51 4 3
51 6 24
51 11 57
51 13 78
51 16 6
51 17 3
51 23 41
51 29 22
51 58 76
51 60 66
51 61 50
51 67 53
51 75 76
51 78 84
51 81 53
51 84 27
51 87 22
51 89 55
51 90 58
51 100 33
51 104 66
51 108 73
51 115 36
51 118 41
51 128 43
51 132 61
51 137 90
51 138 98
51 140 11
51 142 4
51 147 46
52 16 47
52 19 91
52 20 27
52 26 65
52 27 22
52 28 25
52 29 87
52 30 73
52 33 17
52 37 30
52 38 94
52 42 79
52 44 59
52 54 60
52 55 47
52 56 98
52 62 58
52 69 4
52 84 81
52 94 31
52 96 80
52 100 16
52 116 7
52 123 85
52 133 43
52 134 25
52 138 92
52 140 25
52 141 17
52 142 33
53 4 56
53 5 84
53 8 70
53 13 44
53 17 76
53 21 72
53 33 89
53 35 73
53 44 29
53 64 15
53 69 98
53 81 32
53 100 80
53 108 49
53 111 55
53 114 25
53 115 38
53 122 75
53 123 27
53 128 50
53 129 48
53 130 67
53 135 89
53 137 61
53 139 52
53 140 84
54 2 21
54 5 11
54 10 46
54 12 6
54 14 80
54 22 41
54 34 66
54 35 83
54 44 26
54 52 18
54 53 34
54 61 97
54 64 98
54 72 76
54 73 97
54 85 4
54 88 17
54 91 85
54 98 39
54 100 3
54 101 5
54 105 81
54 106 78
54 107 51
54 112 50
54 117 58
54 122 23
54 124 63
54 134 9
54 138 2
54 146 54
55 7 74
55 9 26
55 10 92
55 19 32
55 20 43
55 21 63
55 24 6
55 39 13
55 45 38
55 48 53
55 49 16
55 53 99
55 61 6
55 82 85
55 91 13
55 95 95
55 107 28
55 110 83
55 116 1
55 138 14
55 141 81
55 144 51
56 19 64
56 21 73
56 25 42
56 35 75
56 38 82
56 40 76
56 53 38
56 61 57
56 67 54
56 75 7
56 78 49
56 79 42
56 84 9
56 92 71
56 95 11
56 104 32
56 107 58
56 119 79
56 128 69
56 130 94
56 139 78
56 150 94
57 2 52
57 7 40
57 8 10
57 13 21
57 18 91
57 19 82
57 32 59
57 36 75
57 43 11
57 44 25
57 50 69
57 52 40
57 56 100
57 66 1
57 70 54
57 81 15
57 83 28
57 103 31
57 111 6
57 114 1
57 116 67
57 121 55
57 139 16
57 140 36
57 145 53
58 5 63
58 14 25
58 16 74
58 17 5
58 19 12
58 21 60
58 26 31
58 43 82
58 44 12
58 47 99
58 48 9
58 52 56
58 63 25
58 65 48
58 69 95
58 73 69
58 80 85
58 81 76
58 86 59
58 91 88
58 94 37
58 97 41
58 99 89
58 102 62
58 104 38
58 118 51
58 126 94
58 130 51
58 134 7
58 138 18
58 148 14
59 10 84
59 12 56
59 20 39
59 21 23
59 34 83
59 35 29
59 37 74
59 38 62
59 41 24
59 46 17
59 50 24
59 54 69
59 55 63
59 57 75
59 58 92
59 64 89
59 67 58
59 72 27
59 75 33
59 79 39
59 81 22
59 87 38
59 88 57
59 90 63
59 92 46
59 93 69
59 94 27
59 104 71
59 106 46
59 111 33
59 121 27
59 126 85
59 127 78
59 135 32
59 139 15
59 140 53
60 8 94
60 10 63
60 12 45
60 13 37
60 14 35
60 15 13
60 22 71
60 23 52
60 25 17
60 28 92
60 33 95
60 38 54
60 44 37
60 47 92
60 61 8
60 64 64
60 67 94
60 70 66
60 71 90
60 78 96
60 81 88
60 82 6
60 83 58
60 85 29
60 90 46
60 93 49
60 99 99
60 108 51
60 111 5
60 113 8
60 129 26
60 131 66
60 147 35
61 23 71
61 24 88
61 28 93
61 37 2
61 42 95
61 53 24
61 64 79
61 67 81
61 84 40
61 91 55
61 112 13
61 116 47
61 122 99
61 127 68
61 128 48
61 132 50
61 136 16
61 138 84
61 144 80
61 149 93
62 5 92
62 7 45
62 15 65
62 18 36
62 22 8
62 25 88
62 26 66
62 30 50
62 31 100
62 34 35
62 39 28
62 40 90
62 42 59
62 43 91
62 44 34
62 49 16
62 53 31
62 64 15
62 67 48
62 70 34
62 83 85
62 84 14
62 87 71
62 94 81
62 104 24
62 109 63
62 117 25
62 126 18
62 128 13
62 140 2
62 143 95
62 149 57
63 7 89
63 9 16
63 13 38
63 15 54
63 29 22
63 41 20
63 44 43
63 45 24
63 53 85
63 68 55
63 78 55
63 81 82
63 87 64
63 88 69
63 89 69
63 90 30
63 93 92
63 95 74
63 104 61
63 114 54
63 128 10
63 130 21
63 139 54
63 144 90
64 6 97
64 8 21
64 13 92
64 15 65
64 22 49
64 30 78
64 47 100
64 53 14
64 56 2
64 59 26
64 65 73
64 67 62
64 77 25
64 85 13
64 86 100
64 89 49
64 91 5
64 102 67
64 103 84
64 104 99
64 116 10
64 118 81
64 119 13
64 123 12
64 124 13
64 132 47
64 144 63
65 3 80
65 8 58
65 13 2
65 19 52
65 28 60
65 41 63
65 48 20
65 53 5
65 54 100
65 78 28
65 92 89
65 96 50
65 98 77
65 101 79
65 109 41
65 113 93
65 118 13
65 123 100
65 125 49
65 130 2
65 136 16
65 137 84
65 143 55
65 144 98
66 2 77
66 4 56
66 16 96
66 17 13
66 19 75
66 26 49
66 38 37
66 51 95
66 52 41
66 55 56
66 57 51
66 61 55
66 68 21
66 73 16
66 74 51
66 76 21
66 84 20
66 86 11
66 87 49
66 97 32
66 105 14
66 108 16
66 116 47
66 120 3
66 135 81
66 136 5
66 141 70
66 144 95
66 148 4
66 149 3
66 150 66
67 18 84
67 21 56
67 22 52
67 30 99
67 31 40
67 38 96
67 42 50
67 45 46
67 51 33
67 52 53
67 54 83
67 55 46
67 79 42
67 81 9
67 84 28
67 85 28
67 87 36
67 88 86
67 90 83
67 98 64
67 106 42
67 107 50
67 109 3
67 112 1
67 118 68
67 132 100
67 134 79
67 139 83
68 6 1
68 20 59
68 25 53
68 28 68
68 30 62
68 31 36
68 40 32
68 44 8
68 55 98
68 56 66
68 61 14
68 67 26
68 76 83
68 89 58
68 93 11
68 99 56
68 100 43
68 114 36
68 115 78
68 116 67
68 126 35
68 129 13
68 138 27
68 143 37
68 147 90
69 19 46
69 21 1
69 22 32
69 27 88
69 30 65
69 38 95
69 40 33
69 49 100
69 50 62
69 53 94
69 60 4
69 62 95
69 72 58
69 73 23
69 78 54
69 83 67
69 88 45
69 92 88
69 96 38
69 97 86
69 109 16
69 111 40
69 121 86
69 122 20
69 128 11
69 141 40
69 143 56
69 145 18
69 150 26
70 5 81
70 7 24
70 12 57
70 14 88
70 24 4
70 30 66
70 33 73
70 41 59
70 48 13
70 50 62
70 54 87
70 55 95
70 58 19
70 59 95
70 60 18
70 73 16
70 74 13
70 80 57
70 89 34
70 99 95
70 100 26
70 106 64
70 120 50
70 122 39
70 134 65
70 137 50
70 138 9
70 142 44
71 2 85
71 4 91
71 5 100
71 6 34
71 9 75
71 11 80
71 20 87
71 37 81
71 45 72
71 49 57
71 55 25
71 57 4
71 65 70
71 69 64
71 73 61
71 74 46
71 76 18
71 82 11
71 84 39
71 87 30
71 89 70
71 101 74
71 103 79
71 104 40
71 107 90
71 109 61
71 121 94
71 125 10
71 126 79
71 131 95
71 133 62
71 139 65
71 150 78
72 3 62
72 10 18
72 23 2
72 26 73
72 40 84
72 44 51
72 50 27
72 51 91
72 57 38
72 59 35
72 61 65
72 71 30
72 74 27
72 84 5
72 87 50
72 92 50
72 93 3
72 103 7
72 106 98
72 109 97
72 112 28
72 119 50
72 121 60
72 123 93
72 124 99
72 125 34
72 136 38
72 138 51
72 144 2
72 147 85
73 10 28
73 13 11
73 15 71
73 23 17
73 32 57
73 33 41
73 35 92
73 42 92
73 44 31
73 48 57
73 50 10
73 54 48
73 62 47
73 75 4
73 77 28
73 79 92
73 80 75
73 84 5
73 90 65
73 91 81
73 92 94
73 94 94
73 96 7
73 97 61
73 98 67
73 103 38
73 118 65
73 122 30
73 126 17
73 127 32
73 129 86
73 131 34
73 139 19
73 140 64
73 149 92
74 9 68
74 15 31
74 20 78
74 33 66
74 37 76
74 44 93
74 45 36
74 49 44
74 51 67
74 52 75
74 53 55
74 63 36
74 64 79
74 80 97
74 87 66
74 90 6
74 91 69
74 94 4
74 98 55
74 100 17
74 107 34
74 118 43
74 121 87
74 127 41
74 129 85
74 134 49
74 142 37
74 146 93
75 1 72
75 8 31
75 11 85
75 17 81
75 19 46
75 20 62
75 40 77
75 46 28
75 49 99
75 69 22
75 70 27
75 74 70
75 82 9
75 84 27
75 86 26
75 88 51
75 96 94
75 101 14
75 102 51
75 121 93
75 125 78
75 128 51
75 130 40
75 133 96
75 141 61
75 148 36
76 1 65
76 5 94
76 8 92
76 12 4
76 18 14
76 24 22
76 26 76
76 32 93
76 33 98
76 36 33
76 43 77
76 48 63
76 49 64
76 55 72
76 64 96
76 72 22
76 73 63
76 75 54
76 84 42
76 86 84
76 90 88
76 93 78
76 101 92
76 115 59
76 120 21
76 123 29
76 130 94
76 135 70
76 138 20
76 144 14
76 146 76
76 149 99
76 150 78
77 18 57
77 23 98
77 26 51
77 32 41
77 33 11
77 34 28
77 39 57
77 40 89
77 43 56
77 52 25
77 60 25
77 62 40
77 67 2
77 68 35
77 78 4
77 80 81
77 82 23
77 84 14
77 99 36
77 105 93
77 107 2
77 113 19
77 120 26
77 121 53
77 126 45
77 130 90
77 132 60
77 140 81
78 9 41
78 21 46
78 22 47
78 24 58
78 27 50
78 29 73
78 36 71
78 39 99
78 47 85
78 52 42
78 54 49
78 55 5
78 71 24
78 75 74
78 83 44
78 89 14
78 93 52
78 94 4
78 96 22
78 98 90
78 99 26
78 100 97
78 127 100
78 135 88
79 1 51
79 2 10
79 4 86
79 5 4
79 7 23
79 12 1
79 13 97
79 18 25
79 39 14
79 49 65
79 61 58
79 62 48
79 65 47
79 69 98
79 75 34
79 77 79
79 86 59
79 89 88
79 96 35
79 106 15
79 109 95
79 114 13
79 117 56
79 122 73
79 130 93
79 133 93
79 146 34
79 148 70
80 2 61
80 8 86
80 10 52
80 23 82
80 33 59
80 34 54
80 35 43
80 36 50
80 38 2
80 46 27
80 47 90
80 53 11
80 55 45
80 58 48
80 66 22
80 68 56
80 72 96
80 73 31
80 75 17
80 77 16
80 84 38
80 88 53
80 92 36
80 97 69
80 98 51
80 101 97
80 110 43
80 115 84
80 123 80
80 124 11
80 125 74
80 129 32
80 131 81
80 136 84
80 138 66
81 3 60
81 6 57
81 10 83
81 12 43
81 20 61
81 25 16
81 26 83
81 27 92
81 37 81
81 44 97
81 59 97
81 68 36
81 69 5
81 72 37
81 76 47
81 80 82
81 89 38
81 95 39
81 97 2
81 100 96
81 101 52
81 106 65
81 108 48
81 112 62
81 125 100
81 129 59
81 130 82
81 132 30
81 139 9
81 141 69
81 142 11
81 145 67
82 5 35
82 6 36
82 11 39
82 16 98
82 17 62
82 20 7
82 31 76
82 33 63
82 35 2
82 36 56
82 40 82
82 45 35
82 46 81
82 49 62
82 50 37
82 53 32
82 56 65
82 64 61
82 65 21
82 73 24
82 79 40
82 81 61
82 85 27
82 86 87
82 94 85
82 97 61
82 98 54
82 113 51
82 134 72
82 137 57
82 145 61
83 1 76
83 8 48
83 19 39
83 20 26
83 21 12
83 25 70
83 27 68
83 46 96
83 55 8
83 56 48
83 58 56
83 60 42
83 61 63
83 63 43
83 66 12
83 67 100
83 69 21
83 70 12
83 71 60
83 72 84
83 84 44
83 86 100
83 90 38
83 101 87
83 103 59
83 105 46
83 106 20
83 114 78
83 117 45
83 147 16
83 150 75
84 1 16
84 5 95
84 6 46
84 12 47
84 15 15
84 40 2
84 42 20
84 47 27
84 55 20
84 61 27
84 76 49
84 77 93
84 78 22
84 92 57
84 94 82
84 102 47
84 105 96
84 106 26
84 109 17
84 124 67
84 125 74
84 132 95
84 146 62
84 150 52
85 5 57
85 8 44
85 14 59
85 17 34
85 22 17
85 28 92
85 35 11
85 36 24
85 38 25
85 44 77
85 46 68
85 47 7
85 48 47
85 49 30
85 50 22
85 57 79
85 65 54
85 74 86
85 77 9
85 90 25
85 99 87
85 108 40
85 109 14
85 110 61
85 115 96
85 116 59
85 127 22
85 131 14
85 133 77
85 136 90
85 144 43
86 3 64
86 5 56
86 9 78
86 10 49
86 11 67
86 14 14
86 15 83
86 17 13
86 21 87
86 22 54
86 28 67
86 34 24
86 55 99
86 56 83
86 61 12
86 64 95
86 72 82
86 89 40
86 90 90
86 91 38
86 92 69
86 99 85
86 104 46
86 110 11
86 116 20
86 119 29
86 133 71
86 134 25
86 137 75
86 139 50
86 148 46
87 3 75
87 6 91
87 8 41
87 10 30
87 12 29
87 15 7
87 18 76
87 23 58
87 24 84
87 33 33
87 35 63
87 42 90
87 46 66
87 49 88
87 50 41
87 52 7
87 54 16
87 57 53
87 61 100
87 65 94
87 71 90
87 85 12
87 97 33
87 99 8
87 100 8
87 105 2
87 111 73
87 116 24
87 117 28
87 121 48
87 122 23
87 125 20
87 129 16
87 135 67
87 138 25
87 139 20
87 142 50
87 145 9
88 1 25
88 7 13
88 8 12
88 10 73
88 11 90
88 12 67
88 14 83
88 27 4
88 28 14
88 30 62
88 31 50
88 33 99
88 36 6
88 40 96
88 41 70
88 45 4
88 51 7
88 53 68
88 55 48
88 65 27
88 66 82
88 84 32
88 87 91
88 101 2
88 111 9
88 113 42
88 118 37
88 120 34
88 126 64
88 129 5
88 146 99
88 148 99
89 3 2
89 16 9
89 26 68
89 28 21
89 30 41
89 35 69
89 47 8
89 49 16
89 52 70
89 56 83
89 62 79
89 69 47
89 85 30
89 104 27
89 108 25
89 111 98
89 120 84
89 128 21
89 130 56
89 136 86
89 139 99
89 142 26
90 1 95
90 20 58
90 27 21
90 32 80
90 35 71
90 51 89
90 54 74
90 58 86
90 59 45
90 75 64
90 77 54
90 82 36
90 83 4
90 84 41
90 99 5
90 102 3
90 114 55
90 120 25
90 121 37
90 127 15
90 137 31
90 145 81
91 15 25
91 18 78
91 22 8
91 25 1
91 31 74
91 41 38
91 42 53
91 43 82
91 50 1
91 57 45
91 65 99
91 67 87
91 69 34
91 75 39
91 76 41
91 77 96
91 80 22
91 107 24
91 118 51
91 121 36
91 125 93
91 126 56
91 136 38
91 139 64
91 142 2
91 149 17
91 150 37
92 5 61
92 18 44
92 19 43
92 23 30
92 24 79
92 27 73
92 31 13
92 36 63
92 38 94
92 55 19
92 60 69
92 63 78
92 68 65
92 88 21
92 89 57
92 97 59
92 100 17
92 106 62
92 111 4
92 120 97
92 121 6
92 122 8
92 124 9
92 129 21
92 139 52
92 140 8
92 141 54
92 144 12
93 3 4
93 13 41
93 18 98
93 20 4
93 22 9
93 25 5
93 28 63
93 32 48
93 33 22
93 37 1
93 40 48
93 41 50
93 44 33
93 55 84
93 56 99
93 66 95
93 69 39
93 74 33
93 76 4
93 83 93
93 88 97
93 90 62
93 91 77
93 106 21
93 135 89
93 136 35
93 139 62
93 148 56
94 3 6
94 17 56
94 18 90
94 19 30
94 24 48
94 27 21
94 30 70
94 36 52
94 42 87
94 43 53
94 47 33
94 53 88
94 57 81
94 59 44
94 60 81
94 62 18
94 68 70
94 70 14
94 71 1
94 73 86
94 77 15
94 80 51
94 81 85
94 84 45
94 92 14
94 93 19
94 101 82
94 120 39
94 127 62
94 128 6
94 129 5
94 130 41
94 136 99
94 139 80
94 141 4
94 148 12
95 6 61
95 10 100
95 17 87
95 19 57
95 21 24
95 24 50
95 25 84
95 28 16
95 29 63
95 36 43
95 54 64
95 62 73
95 65 47
95 68 89
95 70 14
95 76 90
95 85 32
95 91 24
95 94 48
95 96 34
95 100 53
95 102 6
95 112 2
95 114 86
95 116 68
95 132 82
95 133 10
95 136 19
95 139 10
95 140 22
96 7 29
96 10 53
96 13 67
96 15 99
96 18 4
96 21 11
96 31 78
96 35 63
96 37 89
96 38 88
96 39 77
96 40 18
96 44 44
96 45 67
96 51 66
96 56 25
96 61 87
96 65 55
96 71 71
96 75 67
96 81 82
96 84 48
96 89 59
96 90 44
96 93 10
96 98 51
96 103 59
96 104 75
96 106 73
96 112 77
96 128 69
96 135 8
96 145 74
96 147 46
97 1 75
97 7 79
97 11 95
97 21 22
97 30 77
97 44 98
97 47 56
97 48 44
97 51 65
97 54 27
97 58 90
97 72 61
97 74 32
97 79 45
97 83 56
97 99 83
97 100 77
97 101 26
97 110 7
97 113 33
97 125 9
97 129 84
97 132 61
97 138 92
97 144 16
97 146 98
97 150 24
98 6 3
98 7 65
98 17 48
98 18 36
98 26 97
98 34 63
98 36 70
98 38 60
98 39 46
98 40 74
98 43 53
98 45 64
98 50 48
98 53 53
98 67 98
98 99 38
98 101 71
98 110 22
98 114 35
98 117 28
98 118 48
98 129 75
98 134 5
98 135 94
98 136 65
99 8 25
99 12 73
99 25 15
99 32 72
99 33 95
99 36 20
99 37 67
99 39 100
99 47 39
99 48 93
99 51 39
99 55 29
99 61 65
99 66 43
99 88 51
99 89 28
99 98 42
99 100 49
99 107 55
99 108 12
99 119 12
99 126 11
99 132 14
99 134 38
99 135 10
99 140 34
99 142 13
99 143 78
100 3 40
100 18 16
100 28 31
100 33 94
100 34 39
100 49 60
100 57 90
100 70 78
100 71 36
100 84 26
100 88 36
100 89 51
100 90 76
100 95 71
100 97 97
100 105 81
100 110 74
100 113 29
100 119 33
100 123 30
100 134 70
100 137 94
100 139 85
100 141 75
100 143 85
100 144 37
100 148 93
101 1 84
101 25 89
101 26 82
101 40 99
101 41 60
101 42 16
101 52 33
101 60 89
101 61 25
101 69 100
101 75 96
101 78 72
101 89 46
101 100 67
101 102 99
101 104 18
101 106 71
101 107 93
101 114 55
101 128 47
101 130 40
101 140 78
101 141 13
101 150 28
102 1 11
102 6 97
102 7 11
102 8 74
102 9 39
102 10 85
102 24 1
102 31 14
102 34 72
102 40 90
102 47 31
102 50 35
102 51 94
102 53 71
102 60 38
102 64 53
102 65 37
102 71 64
102 75 25
102 78 24
102 79 16
102 92 1
102 109 88
102 119 63
102 131 38
102 143 9
102 144 59
103 14 66
103 19 33
103 22 40
103 26 14
103 31 79
103 32 68
103 34 68
103 39 54
103 40 44
103 50 26
103 52 73
103 53 46
103 65 43
103 66 30
103 68 3
103 71 18
103 78 95
103 81 57
103 91 53
103 94 58
103 102 69
103 108 22
103 110 28
103 115 75
103 117 36
103 123 90
103 127 3
104 10 23
104 24 92
104 25 87
104 26 76
104 27 43
104 30 69
104 31 28
104 39 28
104 45 60
104 47 15
104 51 15
104 52 62
104 54 92
104 57 24
104 58 30
104 62 78
104 63 10
104 65 71
104 68 69
104 73 18
104 77 27
104 81 19
104 85 11
104 100 11
104 107 83
104 110 4
104 116 83
104 122 19
104 123 86
104 124 70
104 127 67
104 132 80
104 138 56
104 142 7
105 1 36
105 2 20
105 5 16
105 10 30
105 17 49
105 19 92
105 27 79
105 28 59
105 31 24
105 40 16
105 41 68
105 46 61
105 47 32
105 48 25
105 51 83
105 62 74
105 72 56
105 93 88
105 106 74
105 107 65
105 113 90
105 114 67
105 120 90
105 133 33
105 134 41
105 142 59
105 143 60
105 145 7
105 146 26
105 148 12
105 150 28
106 10 64
106 15 53
106 16 93
106 17 2
106 23 14
106 27 17
106 28 68
106 34 34
106 36 16
106 42 45
106 47 10
106 49 82
106 50 37
106 52 38
106 56 62
106 59 18
106 65 78
106 66 19
106 80 69
106 87 51
106 91 89
106 100 27
106 104 12
106 121 71
106 124 14
106 128 83
106 131 34
106 137 1
106 138 58
106 144 95
106 145 18
107 7 7
107 8 48
107 9 75
107 13 24
107 17 22
107 19 91
107 20 80
107 22 49
107 24 83
107 25 98
107 26 96
107 29 38
107 31 47
107 32 50
107 33 32
107 36 14
107 39 40
107 40 80
107 51 72
107 55 61
107 66 93
107 68 78
107 71 47
107 73 18
107 74 97
107 82 79
107 86 19
107 88 98
107 90 87
107 95 49
107 96 49
107 102 62
107 108 41
107 109 44
107 115 20
107 117 99
107 119 35
107 127 56
107 128 51
107 134 26
107 143 8
107 147 10
108 3 26
108 4 57
108 13 57
108 15 37
108 24 18
108 27 12
108 28 93
108 33 90
108 34 9
108 38 87
108 39 34
108 56 11
108 63 21
108 70 86
108 74 70
108 75 45
108 82 38
108 85 7
108 87 42
108 92 6
108 105 14
108 109 86
108 110 22
108 116 76
108 117 24
108 121 54
108 123 70
108 125 94
108 126 57
108 130 32
108 132 23
108 133 88
108 139 97
108 142 90
108 143 70
109 1 31
109 3 100
109 9 19
109 22 58
109 26 20
109 28 84
109 31 18
109 33 51
109 35 6
109 36 76
109 37 99
109 41 70
109 43 3
109 49 89
109 51 56
109 52 92
109 54 38
109 57 44
109 58 66
109 59 81
109 65 65
109 73 52
109 78 99
109 87 79
109 88 64
109 90 20
109 91 56
109 92 64
109 96 74
109 98 96
109 100 41
109 101 1
109 115 5
109 120 23
109 126 51
109 128 51
109 136 95
109 137 35
109 141 74
109 150 98
110 7 22
110 9 29
110 12 78
110 16 14
110 17 91
110 22 67
110 25 42
110 27 42
110 36 74
110 40 62
110 44 91
110 46 31
110 69 13
110 86 16
110 87 68
110 89 8
110 90 94
110 98 68
110 99 99
110 105 100
110 111 65
110 114 57
110 119 91
110 121 44
110 123 81
110 125 55
110 130 17
110 145 83
111 10 27
111 12 95
111 18 68
111 21 80
111 22 19
111 23 89
111 34 95
111 40 28
111 42 14
111 48 19
111 56 32
111 59 21
111 61 60
111 64 22
111 67 91
111 78 81
111 84 5
111 88 100
111 91 31
111 95 24
111 106 84
111 107 24
111 114 73
111 121 10
111 124 71
111 131 70
111 134 40
111 138 93
111 140 29
111 146 43
111 149 100
111 150 79
112 4 75
112 8 23
112 15 60
112 16 64
112 19 91
112 22 72
112 23 32
112 32 25
112 37 63
112 38 88
112 40 65
112 41 73
112 46 46
112 49 51
112 59 74
112 67 12
112 70 22
112 71 96
112 79 25
112 83 54
112 87 64
112 89 15
112 105 99
112 121 98
112 128 25
112 133 2
112 137 14
112 145 88
112 147 18
112 150 86
113 4 37
113 8 25
113 15 77
113 18 64
113 29 42
113 30 47
113 49 64
113 53 80
113 59 3
113 65 84
113 81 73
113 89 87
113 106 8
113 108 16
113 114 30
113 120 21
113 122 6
113 123 2
113 124 13
113 129 4
113 136 6
113 149 36
113 150 39
114 8 56
114 11 68
114 16 33
114 17 4
114 20 1
114 24 52
114 34 9
114 35 31
114 48 4
114 53 63
114 60 31
114 61 99
114 62 9
114 63 97
114 65 1
114 73 65
114 75 39
114 76 64
114 78 68
114 79 82
114 84 57
114 88 72
114 101 35
114 109 86
114 110 77
114 112 73
114 126 59
114 127 22
114 136 11
114 139 66
114 140 65
114 141 58
114 147 65
114 148 38
114 149 4
115 1 52
115 4 18
115 9 66
115 11 57
115 12 48
115 15 23
115 19 6
115 28 11
115 30 52
115 34 64
115 35 35
115 37 86
115 39 65
115 43 86
115 48 46
115 53 55
115 58 71
115 63 72
115 70 85
115 75 54
115 77 49
115 79 32
115 85 40
115 91 44
115 97 98
115 101 70
115 104 74
115 107 52
115 108 90
115 109 30
115 118 57
115 119 74
115 129 97
115 132 82
115 148 66
116 7 19
116 18 54
116 24 17
116 26 69
116 27 97
116 28 81
116 30 70
116 34 19
116 41 14
116 48 55
116 49 80
116 51 51
116 52 57
116 54 49
116 55 40
116 59 34
116 65 87
116 81 69
116 82 51
116 90 75
116 94 8
116 100 84
116 101 39
116 104 75
116 112 79
116 115 53
116 127 97
116 130 4
116 131 58
116 136 78
117 4 78
117 35 33
117 36 67
117 40 2
117 43 67
117 46 72
117 51 77
117 68 33
117 75 94
117 77 7
117 79 45
117 83 23
117 87 89
117 89 42
117 111 79
117 112 88
117 122 22
117 125 69
117 132 8
117 134 50
117 142 30
117 144 65
118 4 9
118 8 37
118 9 9
118 21 27
118 22 47
118 25 80
118 28 14
118 32 16
118 34 59
118 35 66
118 37 95
118 39 75
118 41 68
118 42 100
118 44 8
118 48 90
118 60 70
118 67 84
118 69 58
118 71 31
118 73 14
118 76 64
118 80 27
118 82 66
118 84 72
118 98 50
118 105 81
118 106 86
118 107 87
118 112 11
118 122 38
118 126 66
118 131 83
118 137 41
118 150 49
119 23 42
119 26 35
119 29 79
119 32 98
119 36 26
119 38 19
119 40 93
119 41 73
119 45 59
119 47 30
119 48 56
119 49 72
119 50 82
119 51 16
119 53 88
119 59 55
119 64 59
119 67 31
119 75 74
119 76 24
119 81 1
119 82 48
119 88 41
119 96 38
119 98 24
119 101 87
119 102 19
119 105 92
119 106 52
119 113 62
119 115 76
119 125 45
119 132 17
119 134 19
119 137 1
119 138 3
120 4 21
120 5 79
120 12 84
120 13 24
120 23 99
120 30 83
120 34 48
120 49 18
120 56 41
120 62 74
120 64 92
120 69 67
120 72 72
120 73 28
120 77 33
120 83 19
120 87 11
120 96 85
120 107 98
120 112 8
120 115 56
120 121 71
120 125 65
120 127 39
120 135 7
121 3 24
121 5 5
121 6 43
121 10 81
121 13 14
121 19 50
121 21 88
121 45 46
121 58 34
121 65 13
121 70 71
121 73 87
121 86 16
121 95 79
121 99 39
121 104 46
121 108 44
121 118 74
121 123 55
121 124 8
121 126 50
121 133 35
121 137 37
121 139 90
121 145 59
122 6 28
122 16 33
122 18 8
122 20 90
122 30 6
122 36 72
122 38 33
122 54 72
122 55 58
122 57 24
122 60 95
122 61 99
122 76 24
122 82 17
122 90 1
122 96 93
122 100 16
122 101 74
122 102 93
122 105 13
122 109 56
122 111 48
122 113 71
122 115 41
122 116 96
122 123 67
122 129 98
122 130 28
122 132 49
122 133 20
122 134 75
122 137 36
122 142 18
122 149 28
123 1 17
123 14 96
123 19 78
123 34 46
123 42 12
123 53 30
123 59 13
123 60 29
123 65 12
123 71 6
123 73 96
123 74 28
123 79 36
123 85 11
123 91 8
123 94 48
123 104 66
123 110 37
123 119 99
123 122 54
123 127 49
123 145 90
123 150 66
124 2 95
124 3 77
124 10 74
124 15 44
124 24 31
124 34 64
124 42 87
124 44 43
124 47 92
124 55 61
124 59 100
124 60 49
124 72 90
124 74 43
124 76 12
124 80 19
124 83 49
124 96 16
124 104 75
124 116 53
124 123 83
124 126 68
124 133 58
124 135 36
124 143 59
124 146 7
124 148 25
125 1 53
125 9 56
125 24 9
125 28 85
125 45 39
125 47 89
125 51 81
125 53 22
125 62 100
125 66 83
125 68 93
125 83 78
125 84 23
125 97 45
125 103 59
125 105 24
125 107 64
125 109 21
125 115 16
125 120 29
125 121 87
125 122 81
125 126 86
125 129 34
125 143 3
125 145 38
125 149 86
125 150 20
126 18 8
126 21 36
126 28 40
126 30 42
126 39 37
126 42 93
126 54 10
126 63 99
126 69 86
126 71 93
126 73 28
126 74 42
126 76 64
126 90 13
126 97 32
126 101 73
126 105 67
126 111 62
126 114 99
126 122 68
126 123 80
126 125 54
126 130 90
126 134 12
126 140 87
126 141 82
126 150 9
127 8 82
127 17 60
127 21 86
127 23 52
127 25 58
127 26 58
127 47 95
127 50 55
127 56 84
127 59 90
127 66 60
127 73 21
127 83 80
127 84 73
127 103 78
127 104 32
127 105 32
127 108 58
127 111 35
127 115 98
127 116 22
127 120 43
127 121 54
127 123 93
127 126 86
127 128 83
127 129 75
127 136 58
127 146 45
128 3 17
128 11 56
128 17 7
128 29 91
128 30 51
128 33 44
128 36 56
128 38 79
128 43 39
128 53 71
128 78 54
128 79 95
128 81 4
128 83 84
128 86 36
128 88 7
128 105 47
128 109 79
128 121 20
128 130 14
129 2 79
129 15 72
129 26 38
129 29 95
129 43 60
129 46 42
129 50 24
129 55 30
129 56 57
129 61 9
129 65 6
129 66 89
129 70 37
129 72 93
129 79 99
129 88 59
129 89 6
129 92 54
129 101 20
129 104 80
129 108 41
129 110 14
129 114 50
129 118 59
129 133 83
129 138 26
129 146 67
129 147 66
129 148 75
130 8 88
130 14 33
130 20 95
130 27 61
130 32 20
130 38 11
130 40 18
130 43 93
130 46 37
130 54 41
130 56 52
130 72 4
130 73 44
130 79 98
130 83 69
130 95 85
130 98 20
130 100 54
130 101 64
130 106 15
130 107 42
130 109 69
130 119 65
130 120 57
130 121 62
130 124 42
130 132 56
131 2 28
131 6 73
131 13 79
131 14 79
131 16 89
131 17 13
131 19 90
131 22 3
131 36 44
131 38 51
131 48 31
131 49 91
131 52 89
131 56 99
131 61 90
131 69 27
131 70 79
131 77 44
131 79 97
131 87 40
131 93 21
131 96 20
131 98 66
131 103 94
131 105 62
131 110 50
131 115 22
131 117 67
131 124 57
131 128 89
131 132 54
131 133 69
131 135 89
131 138 23
131 145 50
131 148 13
132 4 76
132 5 21
132 9 35
132 15 78
132 23 39
132 26 80
132 30 1
132 31 77
132 34 33
132 35 46
132 36 37
132 40 25
132 41 65
132 49 81
132 53 69
132 54 14
132 57 69
132 63 22
132 64 51
132 78 78
132 81 23
132 83 33
132 85 14
132 88 70
132 89 72
132 95 71
132 97 95
132 101 45
132 117 100
132 118 46
132 125 34
132 126 25
132 128 86
132 133 7
132 134 98
132 138 61
133 5 77
133 12 52
133 23 56
133 32 2
133 40 40
133 44 37
133 47 29
133 48 56
133 53 29
133 56 11
133 64 8
133 76 21
133 79 83
133 80 94
133 83 42
133 85 42
133 88 86
133 97 42
133 98 48
133 105 82
133 109 12
133 123 94
133 129 39
133 130 59
133 135 27
133 139 66
133 140 4
133 144 28
133 150 77
134 4 61
134 5 69
134 7 9
134 11 61
134 15 56
134 30 7
134 32 73
134 41 12
134 46 51
134 47 9
134 53 78
134 54 33
134 60 76
134 61 75
134 66 77
134 67 44
134 70 3
134 71 30
134 76 77
134 78 38
134 84 100
134 85 39
134 87 48
134 90 48
134 91 43
134 92 45
134 93 17
134 94 95
134 96 7
134 101 60
134 102 78
134 106 70
134 108 58
134 113 68
134 121 98
134 123 51
134 124 14
134 130 65
134 133 15
134 136 32
134 137 63
134 138 11
134 141 2
134 143 81
134 148 7
135 2 55
135 4 27
135 9 69
135 20 31
135 21 11
135 24 17
135 25 61
135 34 8
135 35 42
135 36 13
135 37 92
135 51 64
135 60 93
135 61 52
135 62 32
135 69 42
135 81 63
135 82 24
135 93 31
135 100 77
135 109 11
135 122 82
135 131 70
135 134 28
135 144 14
135 150 97
136 1 30
136 2 41
136 5 53
136 6 6
136 8 52
136 10 81
136 12 23
136 14 69
136 16 59
136 23 96
136 26 16
136 32 72
136 41 65
136 42 9
136 43 64
136 45 61
136 48 29
136 60 2
136 64 82
136 68 17
136 91 89
136 92 91
136 95 28
136 100 83
136 109 60
136 111 94
136 112 61
136 116 53
136 122 39
136 133 80
136 140 56
136 148 52
137 5 43
137 11 47
137 14 75
137 20 41
137 24 32
137 27 2
137 41 49
137 42 6
137 43 61
137 46 19
137 55 15
137 56 22
137 57 9
137 81 35
137 85 35
137 104 39
137 105 4
137 110 70
137 118 86
137 121 75
137 125 52
137 127 69
137 131 55
137 132 87
137 141 68
137 147 96
137 150 12
138 1 15
138 2 5
138 3 38
138 4 17
138 11 95
138 12 99
138 15 94
138 21 35
138 22 56
138 26 21
138 29 68
138 41 88
138 53 67
138 60 15
138 63 67
138 64 99
138 65 12
138 72 12
138 74 97
138 78 26
138 80 87
138 81 99
138 82 94
138 87 94
138 90 11
138 91 55
138 99 76
138 100 36
138 110 11
138 113 72
138 117 19
138 118 40
138 136 78
138 137 33
138 140 91
138 149 18
139 3 12
139 4 20
139 7 58
139 8 99
139 15 45
139 16 9
139 17 34
139 36 18
139 37 90
139 40 15
139 46 3
139 53 23
139 63 32
139 64 19
139 72 95
139 80 92
139 83 95
139 107 93
139 110 20
139 114 54
139 116 53
139 117 22
139 127 51
139 138 57
139 140 35
139 146 8
140 3 39
140 4 73
140 18 20
140 25 95
140 30 23
140 38 100
140 40 71
140 42 19
140 51 37
140 52 65
140 55 67
140 57 54
140 58 3
140 82 55
140 85 19
140 87 50
140 95 58
140 96 76
140 97 7
140 109 96
140 111 60
140 112 54
140 119 34
140 121 83
140 124 43
140 134 22
140 139 68
140 142 96
140 147 98
141 6 89
141 7 15
141 12 98
141 13 82
141 17 100
141 19 26
141 26 14
141 30 2
141 31 47
141 34 5
141 47 5
141 49 86
141 51 46
141 64 47
141 82 99
141 88 29
141 89 18
141 91 38
141 92 9
141 99 10
141 111 50
141 119 12
141 126 54
141 129 65
141 130 55
141 135 44
141 139 99
141 143 43
141 147 48
141 148 64
141 149 13
142 6 60
142 30 60
142 36 83
142 46 3
142 52 42
142 58 23
142 62 52
142 66 67
142 84 52
142 89 17
142 91 56
142 92 61
142 93 7
142 97 67
142 99 87
142 110 78
142 114 54
142 117 58
142 128 77
142 130 91
142 137 91
142 140 34
143 11 55
143 12 16
143 13 14
143 19 48
143 23 52
143 24 71
143 31 2
143 33 23
143 38 71
143 45 10
143 48 4
143 63 26
143 72 29
143 76 36
143 80 1
143 81 29
143 82 5
143 89 42
143 91 29
143 92 29
143 96 24
143 97 12
143 99 16
143 105 55
143 116 83
143 120 63
143 122 48
143 126 70
143 131 47
143 136 2
143 138 22
143 139 6
143 150 74
144 2 29
144 29 65
144 30 72
144 41 55
144 44 4
144 46 96
144 47 83
144 55 8
144 58 51
144 60 79
144 66 52
144 72 48
144 79 100
144 82 27
144 86 17
144 103 81
144 116 76
144 118 35
144 138 82
144 143 57
144 146 60
144 150 17
145 6 70
145 10 15
145 11 24
145 14 62
145 15 6
145 17 82
145 19 26
145 23 76
145 24 56
145 32 86
145 37 43
145 38 46
145 39 68
145 41 22
145 49 35
145 53 100
145 61 51
145 63 21
145 69 24
145 76 53
145 78 98
145 89 74
145 91 2
145 93 90
145 106 47
145 119 29
145 123 80
145 131 29
145 137 19
146 5 92
146 9 42
146 46 47
146 53 38
146 63 71
146 67 80
146 68 25
146 75 29
146 81 22
146 88 50
146 89 33
146 91 98
146 96 48
146 101 73
146 107 56
146 112 44
146 114 44
146 124 78
146 127 100
146 130 10
146 135 83
146 141 67
147 1 97
147 12 9
147 16 48
147 17 96
147 18 74
147 25 15
147 27 40
147 31 50
147 46 66
147 58 18
147 64 83
147 68 58
147 69 83
147 70 56
147 73 98
147 75 6
147 79 54
147 83 89
147 84 97
147 92 18
147 98 55
147 100 52
147 111 87
147 115 75
147 117 79
147 119 69
147 121 16
147 122 20
147 131 55
147 136 38
147 140 69
147 146 89
148 2 79
148 7 23
148 10 57
148 15 68
148 19 66
148 26 15
148 29 1
148 36 75
148 41 93
148 43 12
148 52 20
148 60 81
148 61 5
148 62 82
148 68 22
148 69 54
148 70 23
148 73 42
148 78 65
148 79 44
148 80 24
148 86 1
148 88 88
148 90 50
148 98 5
148 99 18
148 113 49
148 117 88
148 130 3
148 131 12
148 139 35
148 140 58
148 144 49
149 11 97
149 13 57
149 20 70
149 24 58
149 25 32
149 26 48
149 39 100
149 40 53
149 42 10
149 45 40
149 46 63
149 52 68
149 57 80
149 65 75
149 71 76
149 72 85
149 74 95
149 75 94
149 76 32
149 79 95
149 82 66
149 84 58
149 93 23
149 95 33
149 96 32
149 100 68
149 102 11
149 121 10
149 127 74
149 128 42
149 130 61
149 133 79
149 134 56
149 145 24
150 1 63
150 4 14
150 6 80
150 9 100
150 10 5
150 13 17
150 24 56
150 25 43
150 33 33
150 46 63
150 47 26
150 50 45
150 55 98
150 60 77
150 62 26
150 63 62
150 76 78
150 79 56
150 82 54
150 92 10
150 95 100
150 101 76
150 110 10
150 111 46
150 112 1
150 115 95
150 125 86
150 129 61
150 134 32
150 140 36
150 143 92
150 144 20
150 147 4
150 149 49
