50 493
1 6 63
1 11 28
1 12 18
1 17 91
1 18 19
1 24 13
1 29 62
1 31 34
1 33 2
1 37 43
1 42 29
1 45 58
1 49 63
2 3 38
2 5 43
2 6 27
2 7 71
2 8 37
2 11 50
2 13 31
2 27 88
2 29 36
2 30 31
2 32 54
2 33 36
2 35 85
2 41 81
3 9 82
3 10 78
3 15 74
3 22 3
3 30 55
3 41 60
3 43 13
3 49 22
4 6 33
4 8 57
4 13 66
4 19 89
4 25 36
4 30 37
4 32 82
4 39 25
4 46 54
4 49 54
5 8 63
5 9 78
5 12 42
5 18 82
5 29 79
5 33 84
5 48 84
6 9 41
6 11 6
6 12 84
6 13 92
6 17 23
6 20 38
6 35 38
6 38 17
6 46 94
7 5 62
7 13 55
7 19 49
7 30 67
7 33 75
7 40 100
7 48 58
8 1 51
8 13 20
8 15 63
8 17 52
8 19 64
8 21 64
8 23 79
8 30 19
8 32 20
8 34 38
8 38 6
9 1 49
9 2 65
9 4 12
9 5 98
9 6 10
9 11 77
9 15 76
9 21 73
9 25 34
9 41 78
10 6 80
10 11 84
10 15 15
10 17 90
10 26 25
10 40 86
10 41 74
10 45 90
10 46 54
10 47 40
11 1 55
11 15 42
11 30 19
11 39 30
12 5 82
12 8 11
12 10 75
12 19 32
12 27 3
12 34 54
12 36 55
12 43 8
13 9 78
13 21 19
13 36 78
13 41 98
13 43 98
14 3 75
14 11 11
14 17 44
14 19 32
14 25 18
14 26 67
14 28 14
14 30 52
14 35 81
14 42 60
14 44 86
15 1 89
15 2 41
15 3 84
15 8 7
15 16 9
15 28 37
15 42 41
15 50 50
16 5 91
16 19 97
16 25 86
16 26 95
16 28 59
16 29 33
16 46 51
16 47 29
17 1 14
17 2 11
17 5 59
17 9 6
17 14 45
17 21 50
17 28 10
17 31 93
17 35 59
17 48 97
18 3 29
18 10 37
18 11 70
18 15 78
18 17 82
18 31 66
18 38 46
18 40 85
18 45 40
19 1 22
19 4 65
19 7 82
19 13 10
19 16 73
19 24 76
19 26 14
19 28 77
19 30 59
19 34 84
19 36 95
19 38 41
19 42 52
20 11 70
20 16 81
20 43 69
20 46 16
21 1 18
21 2 94
21 11 22
21 14 14
21 17 6
21 24 12
21 30 46
21 35 51
21 38 37
21 39 61
21 41 74
21 42 34
21 49 7
22 4 90
22 7 67
22 13 43
22 15 87
22 16 88
22 23 7
22 24 20
22 30 52
22 31 56
22 35 6
22 44 55
22 47 22
22 50 15
23 1 81
23 2 78
23 12 68
23 13 41
23 19 20
23 20 50
23 25 53
23 29 21
23 32 3
23 34 31
23 39 58
23 42 91
24 4 42
24 8 2
24 16 60
24 18 17
24 19 91
24 26 18
24 29 45
24 35 61
24 45 19
24 48 8
25 4 6
25 5 89
25 9 11
25 11 23
25 18 59
25 21 20
25 23 23
25 24 5
25 32 21
25 36 8
25 37 11
25 38 44
25 43 46
25 44 58
25 47 47
26 6 25
26 13 99
26 21 80
26 24 59
26 45 96
26 46 61
26 49 52
27 2 13
27 10 81
27 17 90
27 41 18
27 43 99
27 46 1
28 3 1
28 7 79
28 14 88
28 19 28
28 20 52
28 24 85
28 38 9
28 41 48
28 42 3
28 43 79
29 1 7
29 10 60
29 17 37
29 18 15
29 24 97
29 30 42
29 35 56
29 49 51
30 4 93
30 5 18
30 12 18
30 13 46
30 21 43
30 22 89
30 25 40
30 32 40
30 39 77
30 40 14
30 42 83
30 43 66
31 8 90
31 13 71
31 15 22
31 18 53
31 19 85
31 25 18
31 29 7
31 33 52
31 36 59
31 41 63
31 42 83
31 48 47
32 1 19
32 7 53
32 8 12
32 20 72
32 25 90
32 26 63
32 29 45
32 36 40
32 40 46
32 41 44
32 45 55
33 11 61
33 30 30
33 36 60
33 37 80
33 40 40
33 44 88
34 3 99
34 19 1
34 22 78
34 28 80
34 31 23
34 45 45
34 50 67
35 11 85
35 15 65
35 17 14
35 20 58
35 24 44
35 30 65
35 42 52
36 6 20
36 7 88
36 11 81
36 23 25
36 28 25
36 31 70
36 32 75
36 35 85
36 37 28
36 38 57
36 42 41
36 43 94
37 1 29
37 3 55
37 6 88
37 10 46
37 23 27
37 31 73
37 33 27
37 36 83
37 38 40
37 40 69
37 43 94
37 44 97
38 4 66
38 10 58
38 15 44
38 17 34
38 22 73
38 25 62
38 32 86
38 49 70
39 2 71
39 5 3
39 11 54
39 14 14
39 15 10
39 16 17
39 19 29
39 22 91
39 28 90
39 34 26
39 41 86
40 5 71
40 10 69
40 14 60
40 28 84
40 32 18
40 34 8
40 38 29
40 42 63
40 48 7
41 12 53
41 14 32
41 15 37
41 22 46
41 30 33
41 31 4
41 37 17
41 38 88
41 42 100
42 1 50
42 4 68
42 5 14
42 8 2
42 21 32
42 25 9
42 30 81
42 31 38
42 33 19
42 38 83
42 45 51
43 5 49
43 7 52
43 8 39
43 9 31
43 14 22
43 15 18
43 16 67
43 17 100
43 18 83
43 25 7
43 32 14
43 39 35
43 44 22
43 48 95
44 2 56
44 7 69
44 16 85
44 18 65
44 20 81
44 25 5
44 27 11
44 39 43
44 46 34
44 47 92
44 49 58
45 2 54
45 5 99
45 16 69
45 20 2
45 31 96
45 38 52
45 40 94
45 44 8
45 47 19
45 48 17
45 50 22
46 2 61
46 10 100
46 16 18
46 23 97
46 33 68
46 40 62
46 41 55
46 42 10
46 47 41
47 4 15
47 6 35
47 7 39
47 11 41
47 13 45
47 15 5
47 19 1
47 21 10
47 27 4
47 28 65
47 31 46
47 48 85
48 2 62
48 6 86
48 10 42
48 12 99
48 14 55
48 24 76
48 28 44
48 34 23
48 35 91
48 36 15
48 41 46
48 42 32
48 44 64
48 50 26
49 8 21
49 9 59
49 12 37
49 23 57
49 25 54
49 32 3
49 33 66
49 35 13
49 36 31
49 42 51
49 44 79
49 45 26
50 1 29
50 6 39
50 15 3
50 17 85
50 23 95
50 28 87
50 34 6
50 35 41
50 46 35
50 48 76
